
metadata:
    version:
        essentia: "2.1-beta2"
    audio_properties:
        analysis_sample_rate: 44100
        bitrate: 1411
        channels: 2
        equal_loudness: 1
        length: 7.21777772903
        replay_gain: -10.2008152008
        downmix: "mix"
    tags:
        album: ""
        artist: ""
        comment: ""
        date: ""
        genre: ""
        title: ""
        tracknumber: ""

lowlevel:
    average_loudness: 0.9482883811
    barkbands_kurtosis:
        dmean: 1.76552057266
        dmean2: 2.72882342339
        dvar: 16.5342674255
        dvar2: 43.6345748901
        max: 38.5319824219
        mean: 2.31522107124
        min: -1.85588002205
        var: 28.5201892853
    barkbands_skewness:
        dmean: 0.450087428093
        dmean2: 0.597655177116
        dvar: 0.44506829977
        dvar2: 1.03407049179
        max: 4.10795068741
        mean: 0.271462619305
        min: -5.3363699913
        var: 1.63429534435
    barkbands_spread:
        dmean: 3.25338172913
        dmean2: 4.53007364273
        dvar: 16.5134124756
        dvar2: 40.8331375122
        max: 38.0578956604
        mean: 14.5338058472
        min: 1.72206163406
        var: 52.9964447021
    dissonance:
        dmean: 0.0215871352702
        dmean2: 0.0358732827008
        dvar: 0.000476355809951
        dvar2: 0.00120293663349
        max: 0.497909635305
        mean: 0.444150030613
        min: 0.328891098499
        var: 0.00127055903431
    hfc:
        dmean: 51.3106193542
        dmean2: 74.4226989746
        dvar: 22338.3476563
        dvar2: 54638.4140625
        max: 1305.5567627
        mean: 64.831817627
        min: 0.834050357342
        var: 26411.1035156
    pitch:
        dmean: 294.030212402
        dmean2: 540.118225098
        dvar: 478564.0625
        dvar2: 1231173.75
        max: 4669.22460938
        mean: 590.116455078
        min: 106.393165588
        var: 384509.625
    pitch_instantaneous_confidence:
        dmean: 0.0633203312755
        dmean2: 0.102316118777
        dvar: 0.00852285977453
        dvar2: 0.0225780401379
        max: 0.922326207161
        mean: 0.671957135201
        min: 0.245567858219
        var: 0.0204309020191
    pitch_salience:
        dmean: 0.056164175272
        dmean2: 0.0865241661668
        dvar: 0.00646877521649
        dvar2: 0.0165831912309
        max: 0.798119604588
        mean: 0.395216017962
        min: 0.129708096385
        var: 0.0103371245787
    silence_rate_20dB:
        dmean: 0.0064308680594
        dmean2: 0.0129032256082
        dvar: 0.00638951687142
        dvar2: 0.0191883072257
        max: 1
        mean: 0.996794879436
        min: 0
        var: 0.00319484481588
    silence_rate_30dB:
        dmean: 0.0418006442487
        dmean2: 0.0838709697127
        dvar: 0.0400532633066
        dvar2: 0.0897398218513
        max: 1
        mean: 0.951923072338
        min: 0
        var: 0.0457656495273
    silence_rate_60dB:
        dmean: 0.0450160764158
        dmean2: 0.0903225839138
        dvar: 0.0429897047579
        dvar2: 0.0821641683578
        max: 1
        mean: 0.118589743972
        min: 0
        var: 0.104526154697
    spectral_centroid:
        dmean: 294.974914551
        dmean2: 384.988891602
        dvar: 205793.96875
        dvar2: 413016.28125
        max: 4091.49755859
        mean: 1648.6496582
        min: 436.470977783
        var: 704867
    spectral_complexity:
        dmean: 4.24115753174
        dmean2: 5.86451625824
        dvar: 46.3822898865
        dvar2: 87.0074005127
        max: 54
        mean: 13.6057691574
        min: 3
        var: 106.027183533
    spectral_crest:
        dmean: 1.97155249119
        dmean2: 2.83949756622
        dvar: 5.95777130127
        dvar2: 14.2885770798
        max: 25.5780143738
        mean: 12.8835430145
        min: 4.28298091888
        var: 24.3400840759
    spectral_decrease:
        dmean: 2.85059442717e-009
        dmean2: 3.96449895135e-009
        dvar: 6.3850547939e-017
        dvar2: 1.52146652024e-016
        max: -2.4814020283e-010
        mean: -5.10777198315e-009
        min: -7.87810279235e-008
        var: 8.63216636677e-017
    spectral_energy:
        dmean: 0.0153932124376
        dmean2: 0.0216756854206
        dvar: 0.00189546099864
        dvar2: 0.0045501999557
        max: 0.415755838156
        mean: 0.0251583270729
        min: 0.00103470962495
        var: 0.00246410770342
    spectral_energyband_high:
        dmean: 0.00417436752468
        dmean2: 0.00640433235094
        dvar: 0.000212924365769
        dvar2: 0.000553382036742
        max: 0.154993847013
        mean: 0.00450664293021
        min: 9.05874230739e-007
        var: 0.000198662441107
    spectral_energyband_low:
        dmean: 4.25707112299e-005
        dmean2: 4.0655657358e-005
        dvar: 8.05519384528e-009
        dvar2: 6.5790550785e-009
        max: 0.00105547579005
        mean: 8.06584139355e-005
        min: 5.77097978294e-008
        var: 2.67295394707e-008
    spectral_energyband_middle_high:
        dmean: 0.0114442808554
        dmean2: 0.0159075204283
        dvar: 0.00145802914631
        dvar2: 0.00344956619665
        max: 0.38538569212
        mean: 0.018611099571
        min: 0.000476471905131
        var: 0.00181526131928
    spectral_energyband_middle_low:
        dmean: 0.000424296042183
        dmean2: 0.000500254740473
        dvar: 4.63333492462e-007
        dvar2: 7.28319605514e-007
        max: 0.00785017665476
        mean: 0.00204713689163
        min: 0.000179808572284
        var: 2.40015810959e-006
    spectral_flatness_db:
        dmean: 0.0268212407827
        dmean2: 0.0372166894376
        dvar: 0.00126407283824
        dvar2: 0.00252166599967
        max: 0.496499627829
        mean: 0.304287701845
        min: 0.124629564583
        var: 0.00676912302151
    spectral_flux:
        dmean: 0.0328841432929
        dmean2: 0.0470401346684
        dvar: 0.00418748892844
        dvar2: 0.00904934480786
        max: 0.6131529212
        mean: 0.0602304823697
        min: 0.00206878781319
        var: 0.00795928575099
    spectral_kurtosis:
        dmean: 3.84280943871
        dmean2: 6.45806026459
        dvar: 35.3364715576
        dvar2: 86.1976852417
        max: 51.1875839233
        mean: 9.24787902832
        min: -0.227842375636
        var: 78.9484481812
    spectral_rms:
        dmean: 0.00101410783827
        dmean2: 0.00124024727847
        dvar: 3.68297946807e-006
        dvar2: 8.12081998447e-006
        max: 0.0201398972422
        mean: 0.00399368908256
        min: 0.001004725229
        var: 8.59515876073e-006
    spectral_rolloff:
        dmean: 466.875640869
        dmean2: 770.610168457
        dvar: 691694.5
        dvar2: 1241829.5
        max: 6330.76171875
        mean: 2540.36767578
        min: 882.861328125
        var: 2002513.375
    spectral_skewness:
        dmean: 0.394524723291
        dmean2: 0.629324615002
        dvar: 0.3055947721
        dvar2: 0.742139041424
        max: 5.78668069839
        mean: 2.09250092506
        min: 0.70157456398
        var: 0.827360868454
    spectral_spread:
        dmean: 958936.375
        dmean2: 1216238.625
        dvar: 2.03754766336e+012
        dvar2: 3.59224652595e+012
        max: 14532420
        mean: 4216397
        min: 1333823.75
        var: 5.33415644365e+012
    spectral_strongpeak:
        dmean: 2.78404593468
        dmean2: 4.19378709793
        dvar: 36.4157333374
        dvar2: 77.3472518921
        max: 60.8323936462
        mean: 4.95144319534
        min: 0.135060891509
        var: 55.9506530762
    zerocrossingrate:
        dmean: 0.0128083555028
        dmean2: 0.0112903229892
        dvar: 0.000209128571441
        dvar2: 0.000197303845198
        max: 0.189453125
        mean: 0.084129922092
        min: 0.021484375
        var: 0.001555772149
    barkbands:
        dmean: [3.06325231847e-009, 5.97319882445e-008, 3.74504656975e-006, 0.0001009142361, 0.000158400958753, 5.39287175343e-005, 0.00015465823526, 2.72165034403e-005, 7.03564583091e-005, 0.000322497799061, 0.00102990458254, 8.11460704426e-005, 6.73938775435e-005, 9.13797630346e-005, 0.00087935605552, 0.000576410500798, 0.00104133388959, 0.0024629982654, 0.00559864286333, 0.00242673745379, 0.00245559681207, 0.000257701496594, 8.23011796456e-005, 6.81996389176e-005, 2.31542344409e-005, 1.61234875122e-005, 9.59026777991e-008]
        dmean2: [4.52566162323e-009, 9.7842431046e-008, 3.50883328792e-006, 9.3345894129e-005, 0.000151438434841, 7.52188716433e-005, 0.000220320827793, 3.7504662032e-005, 9.47004373302e-005, 0.000389111606637, 0.00101415568497, 0.000103438738734, 0.00011564293527, 0.000145948215504, 0.00115105917212, 0.000815707724541, 0.00154976686463, 0.00397167541087, 0.00929503515363, 0.00369816902094, 0.00395307363942, 0.000350614776835, 0.0001165813228, 0.000101804733276, 3.55206575477e-005, 2.64593436441e-005, 1.57424679514e-007]
        dvar: [3.71784598118e-016, 2.18128924076e-014, 8.24287513246e-011, 2.76797642584e-008, 8.27438384476e-008, 2.92591053608e-008, 2.55591373843e-007, 9.08788688747e-009, 6.13391009097e-008, 1.71625265466e-006, 6.34603111394e-006, 2.84854788646e-008, 2.92333535157e-008, 7.77728743628e-008, 5.94922857999e-006, 3.28518376591e-006, 1.45397170854e-005, 0.000114203518024, 0.000905727734789, 8.42450172058e-005, 0.000127986641019, 7.09681899025e-007, 4.40996039686e-008, 3.34198517749e-008, 3.78919384758e-009, 2.47097253769e-009, 8.21780794455e-014]
        dvar2: [3.83975969798e-016, 5.67809925326e-014, 6.68798696979e-011, 2.8893564874e-008, 1.08608674054e-007, 5.52807364329e-008, 4.10566315168e-007, 1.48158871838e-008, 1.18639114532e-007, 2.11370957004e-006, 9.83324844128e-006, 4.98094792079e-008, 8.12811222772e-008, 1.81169156122e-007, 1.14994927571e-005, 6.89064381731e-006, 2.68060048256e-005, 0.000300845684251, 0.00223281257786, 0.000192505904124, 0.000350328075001, 1.54756821757e-006, 8.945862362e-008, 8.09591824691e-008, 8.32366886527e-009, 6.39772101962e-009, 1.98143625531e-013]
        max: [3.39618566159e-007, 1.5454311324e-006, 0.000109709108074, 0.00167739228345, 0.00324460933916, 0.00309460377321, 0.00640159379691, 0.00116040359717, 0.0043932562694, 0.0299741942436, 0.0412466675043, 0.00216556200758, 0.00223180581816, 0.00443352106959, 0.0327680632472, 0.0218495465815, 0.0583492591977, 0.122222848237, 0.342257589102, 0.101128920913, 0.13601975143, 0.0171872489154, 0.00266175088473, 0.00153924990445, 0.000456880312413, 0.000399231124902, 2.00449517251e-006]
        mean: [3.43498074429e-009, 6.97603326216e-008, 6.78847891322e-006, 0.000217905631871, 0.000321277329931, 0.000373891496565, 0.000804683833849, 0.000151494605234, 0.000174344153493, 0.00150381214917, 0.00396818248555, 0.000313216849463, 0.000126550468849, 0.000131014647195, 0.00159774150234, 0.000741048832424, 0.00139475124888, 0.0028966369573, 0.0048961257562, 0.00258842064068, 0.00241445284337, 0.00035573169589, 8.46460316097e-005, 6.19861166342e-005, 2.10862071981e-005, 1.24330708786e-005, 7.1851843586e-008]
        min: [4.91343456806e-013, 3.001995319e-010, 2.36953656696e-009, 1.42203759879e-007, 8.92108801054e-007, 2.2758657181e-008, 7.87150753467e-008, 1.94328126923e-008, 5.61389379428e-009, 8.13132032818e-007, 2.88330575131e-005, 9.55629957389e-007, 1.94584437452e-008, 5.22864418429e-009, 1.23316734602e-008, 1.12447837708e-008, 6.16583690771e-007, 1.15945198331e-007, 7.07549290269e-008, 9.66200701669e-008, 1.490987529e-007, 2.11760777802e-008, 4.75373118647e-009, 2.05100292305e-009, 1.31901989331e-009, 1.3462379822e-010, 4.59153244939e-012]
        var: [3.72978358708e-016, 2.31699001755e-014, 2.85943629885e-010, 9.83355690209e-008, 3.22956623222e-007, 3.27237955844e-007, 1.92812922251e-006, 8.75688428437e-008, 2.06106818723e-007, 1.97742920136e-005, 3.86377541872e-005, 1.67752290281e-007, 1.07445707442e-007, 1.7330067692e-007, 1.23466134028e-005, 4.97888913742e-006, 2.77237213595e-005, 0.000148473642184, 0.00076859164983, 0.000103159953142, 9.61370751611e-005, 1.81041832548e-006, 6.58410073129e-008, 3.24062234824e-008, 3.91659948917e-009, 1.95021532257e-009, 6.75197880462e-014]
    frequency_bands:
        dmean: [3.06325231847e-009, 5.97319882445e-008, 3.74504656975e-006, 0.0001009142361, 0.000158400958753, 5.39287175343e-005, 0.00015465823526, 2.72165034403e-005, 7.03564583091e-005, 0.000322497799061, 0.00102990458254, 8.11460704426e-005, 6.73938775435e-005, 9.13797630346e-005, 0.00087935605552, 0.000576410500798, 0.00104133388959, 0.0024629982654, 0.00559864286333, 0.00242673745379, 0.00245559681207, 0.000257701496594, 8.23011796456e-005, 6.81996389176e-005, 2.31542344409e-005, 1.61234875122e-005, 9.59026777991e-008, 1.11952669357e-009]
        dmean2: [4.52566162323e-009, 9.7842431046e-008, 3.50883328792e-006, 9.3345894129e-005, 0.000151438434841, 7.52188716433e-005, 0.000220320827793, 3.7504662032e-005, 9.47004373302e-005, 0.000389111606637, 0.00101415568497, 0.000103438738734, 0.00011564293527, 0.000145948215504, 0.00115105917212, 0.000815707724541, 0.00154976686463, 0.00397167541087, 0.00929503515363, 0.00369816902094, 0.00395307363942, 0.000350614776835, 0.0001165813228, 0.000101804733276, 3.55206575477e-005, 2.64593436441e-005, 1.57424679514e-007, 1.26440635739e-009]
        dvar: [3.71784598118e-016, 2.18128924076e-014, 8.24287513246e-011, 2.76797642584e-008, 8.27438384476e-008, 2.92591053608e-008, 2.55591373843e-007, 9.08788688747e-009, 6.13391009097e-008, 1.71625265466e-006, 6.34603111394e-006, 2.84854788646e-008, 2.92333535157e-008, 7.77728743628e-008, 5.94922857999e-006, 3.28518376591e-006, 1.45397170854e-005, 0.000114203518024, 0.000905727734789, 8.42450172058e-005, 0.000127986641019, 7.09681899025e-007, 4.40996039686e-008, 3.34198517749e-008, 3.78919384758e-009, 2.47097253769e-009, 8.21780794455e-014, 2.626101245e-016]
        dvar2: [3.83975969798e-016, 5.67809925326e-014, 6.68798696979e-011, 2.8893564874e-008, 1.08608674054e-007, 5.52807364329e-008, 4.10566315168e-007, 1.48158871838e-008, 1.18639114532e-007, 2.11370957004e-006, 9.83324844128e-006, 4.98094792079e-008, 8.12811222772e-008, 1.81169156122e-007, 1.14994927571e-005, 6.89064381731e-006, 2.68060048256e-005, 0.000300845684251, 0.00223281257786, 0.000192505904124, 0.000350328075001, 1.54756821757e-006, 8.945862362e-008, 8.09591824691e-008, 8.32366886527e-009, 6.39772101962e-009, 1.98143625531e-013, 2.61999122577e-016]
        max: [3.39618566159e-007, 1.5454311324e-006, 0.000109709108074, 0.00167739228345, 0.00324460933916, 0.00309460377321, 0.00640159379691, 0.00116040359717, 0.0043932562694, 0.0299741942436, 0.0412466675043, 0.00216556200758, 0.00223180581816, 0.00443352106959, 0.0327680632472, 0.0218495465815, 0.0583492591977, 0.122222848237, 0.342257589102, 0.101128920913, 0.13601975143, 0.0171872489154, 0.00266175088473, 0.00153924990445, 0.000456880312413, 0.000399231124902, 2.00449517251e-006, 2.87118410824e-007]
        mean: [3.43498074429e-009, 6.97603326216e-008, 6.78847891322e-006, 0.000217905631871, 0.000321277329931, 0.000373891496565, 0.000804683833849, 0.000151494605234, 0.000174344153493, 0.00150381214917, 0.00396818248555, 0.000313216849463, 0.000126550468849, 0.000131014647195, 0.00159774150234, 0.000741048832424, 0.00139475124888, 0.0028966369573, 0.0048961257562, 0.00258842064068, 0.00241445284337, 0.00035573169589, 8.46460316097e-005, 6.19861166342e-005, 2.10862071981e-005, 1.24330708786e-005, 7.1851843586e-008, 1.10777298445e-009]
        min: [4.91343456806e-013, 3.001995319e-010, 2.36953656696e-009, 1.42203759879e-007, 8.92108801054e-007, 2.2758657181e-008, 7.87150753467e-008, 1.94328126923e-008, 5.61389379428e-009, 8.13132032818e-007, 2.88330575131e-005, 9.55629957389e-007, 1.94584437452e-008, 5.22864418429e-009, 1.23316734602e-008, 1.12447837708e-008, 6.16583690771e-007, 1.15945198331e-007, 7.07549290269e-008, 9.66200701669e-008, 1.490987529e-007, 2.11760777802e-008, 4.75373118647e-009, 2.05100292305e-009, 1.31901989331e-009, 1.3462379822e-010, 4.59153244939e-012, 2.84217975218e-014]
        var: [3.72978358708e-016, 2.31699001755e-014, 2.85943629885e-010, 9.83355690209e-008, 3.22956623222e-007, 3.27237955844e-007, 1.92812922251e-006, 8.75688428437e-008, 2.06106818723e-007, 1.97742920136e-005, 3.86377541872e-005, 1.67752290281e-007, 1.07445707442e-007, 1.7330067692e-007, 1.23466134028e-005, 4.97888913742e-006, 2.77237213595e-005, 0.000148473642184, 0.00076859164983, 0.000103159953142, 9.61370751611e-005, 1.81041832548e-006, 6.58410073129e-008, 3.24062234824e-008, 3.91659948917e-009, 1.95021532257e-009, 6.75197880462e-014, 2.63247252095e-016]
    mfcc:
        mean: [-749.934997559, 81.8782119751, -65.3418579102, 18.5776939392, -42.8945770264, -18.5819034576, -9.7574005127, -7.70469474792, -8.75412464142, -52.0800018311, -49.522983551, -9.73130512238, -3.51672196388]
        cov: [[10015.7607422, -4438.77880859, -1003.42681885, 600.26348877, 619.012573242, 512.053771973, -252.921722412, -92.6501235962, -521.125427246, 1262.42053223, 860.887145996, -986.520690918, -511.090393066], [-4438.77880859, 2873.68334961, 149.431274414, -352.282043457, -178.240371704, -166.031478882, -6.29322385788, -239.257202148, 72.9796524048, -343.540130615, -210.281616211, -3.86016440392, 45.9827651978], [-1003.42681885, 149.431274414, 610.77166748, -155.540664673, -150.016799927, -121.352241516, 41.0809860229, 110.287979126, 129.186569214, -150.166381836, -192.29083252, 258.323181152, 148.61807251], [600.26348877, -352.282043457, -155.540664673, 312.598937988, 53.18567276, 48.5761833191, 0.702789723873, 63.0152168274, -15.0316820145, -39.082649231, 26.1868133545, 31.2154159546, 15.2770223618], [619.012573242, -178.240371704, -150.016799927, 53.18567276, 362.747650146, 191.34475708, 9.27817249298, -66.5078659058, -133.412658691, 70.0783615112, 55.6516609192, -322.119598389, -196.441345215], [512.053771973, -166.031478882, -121.352241516, 48.5761833191, 191.34475708, 430.05947876, 98.4060897827, -2.28814983368, -54.6458625793, -14.3182191849, -2.40956616402, -249.725814819, -252.496688843], [-252.921722412, -6.29322385788, 41.0809860229, 0.702789723873, 9.27817249298, 98.4060897827, 212.805465698, 94.5660400391, 59.085773468, -23.5376091003, -88.288444519, 7.56802511215, -58.7054977417], [-92.6501235962, -239.257202148, 110.287979126, 63.0152168274, -66.5078659058, -2.28814983368, 94.5660400391, 205.313171387, 90.2847213745, -99.9623641968, -69.5357666016, 167.548187256, 47.0604362488], [-521.125427246, 72.9796524048, 129.186569214, -15.0316820145, -133.412658691, -54.6458625793, 59.085773468, 90.2847213745, 234.582626343, -18.455034256, -184.833557129, 118.655334473, 30.2779693604], [1262.42053223, -343.540130615, -150.166381836, -39.082649231, 70.0783615112, -14.3182191849, -23.5376091003, -99.9623641968, -18.455034256, 697.231018066, 110.896537781, -599.36895752, -151.4818573], [860.887145996, -210.281616211, -192.29083252, 26.1868133545, 55.6516609192, -2.40956616402, -88.288444519, -69.5357666016, -184.833557129, 110.896537781, 453.218353271, -87.4021682739, -116.645195007], [-986.520690918, -3.86016440392, 258.323181152, 31.2154159546, -322.119598389, -249.725814819, 7.56802511215, 167.548187256, 118.655334473, -599.36895752, -87.4021682739, 1083.94958496, 436.938995361], [-511.090393066, 45.9827651978, 148.61807251, 15.2770223618, -196.441345215, -252.496688843, -58.7054977417, 47.0604362488, 30.2779693604, -151.4818573, -116.645195007, 436.938995361, 447.275421143]]
        icov: [[0.000987797393464, 0.00135559763294, 0.000499528541695, -0.000290137162665, 0.00020168426272, -0.0005255623837, 0.000749501748942, 0.000727088132408, 0.00086506397929, -0.000958062009886, -0.000131351567688, -0.000186870442121, 0.000412319321185], [0.00135559763294, 0.00259220134467, 0.000751757004764, 8.36184990476e-005, 0.000821343041025, -0.000201567061595, 0.000359120342182, 0.00228588841856, 0.000716279202607, -0.000105463244836, -0.000214310581214, 0.000608624075539, 0.000348776666215], [0.000499528541695, 0.000751757004764, 0.00305858626962, 0.00153439410497, 0.000192096325918, 0.000100718556496, 0.000642484403215, -0.00110482424498, 0.000251909834333, -0.000146559556015, 0.000653869938105, -0.000120226344734, -1.21048833535e-005], [-0.000290137162665, 8.36184990476e-005, 0.00153439410497, 0.00526516325772, -0.000714543100912, -2.16096450458e-005, 0.000285416725092, -0.0020344958175, -0.00104637211189, 0.00121377594769, -0.000161222546012, 0.000585001369473, -0.00123592105228], [0.00020168426272, 0.000821343041025, 0.000192096325918, -0.000714543100912, 0.00639985920861, -0.000277600483969, -0.000432005210314, 0.001343985321, 0.00327970995568, 0.00111031136476, 0.00121257302817, 0.00152525864542, 0.00154280196875], [-0.0005255623837, -0.000201567061595, 0.000100718556496, -2.16096450458e-005, -0.000277600483969, 0.00547664891928, -0.00234077870846, 0.000351954484358, 0.000562897708733, 0.00221317261457, 0.00100083043799, 0.0011187462369, 0.00189251254778], [0.000749501748942, 0.000359120342182, 0.000642484403215, 0.000285416725092, -0.000432005210314, -0.00234077870846, 0.00906585529447, -0.004432273563, 0.00158724398352, -0.00276999408379, 0.00158988148905, -0.00188959646039, 0.00195635692216], [0.000727088132408, 0.00228588841856, -0.00110482424498, -0.0020344958175, 0.001343985321, 0.000351954484358, -0.004432273563, 0.0125586912036, -0.00290321093053, 0.00192980410066, -0.00138789671473, 0.00110705487896, -0.000675051123835], [0.00086506397929, 0.000716279202607, 0.000251909834333, -0.00104637211189, 0.00327970995568, 0.000562897708733, 0.00158724398352, -0.00290321093053, 0.0132332863286, -0.0037615026813, 0.00542008550838, -0.00288668624125, 0.00520260958001], [-0.000958062009886, -0.000105463244836, -0.000146559556015, 0.00121377594769, 0.00111031136476, 0.00221317261457, -0.00276999408379, 0.00192980410066, -0.0037615026813, 0.00710243079811, -0.00169213872869, 0.00488102110103, -0.00245570833795], [-0.000131351567688, -0.000214310581214, 0.000653869938105, -0.000161222546012, 0.00121257302817, 0.00100083043799, 0.00158988148905, -0.00138789671473, 0.00542008550838, -0.00169213872869, 0.00577019806951, -0.00200745719485, 0.00363831431605], [-0.000186870442121, 0.000608624075539, -0.000120226344734, 0.000585001369473, 0.00152525864542, 0.0011187462369, -0.00188959646039, 0.00110705487896, -0.00288668624125, 0.00488102110103, -0.00200745719485, 0.00554930558428, -0.00341527117416], [0.000412319321185, 0.000348776666215, -1.21048833535e-005, -0.00123592105228, 0.00154280196875, 0.00189251254778, 0.00195635692216, -0.000675051123835, 0.00520260958001, -0.00245570833795, 0.00363831431605, -0.00341527117416, 0.00789234600961]]
    sccoeffs:
        dmean: [0.0501980185509, 0.0466291680932, 0.0456892624497, 0.039934117347, 0.0378593355417, 0.0259051639587]
        dmean2: [0.0617318414152, 0.0736344158649, 0.0650207698345, 0.0602349489927, 0.0573985613883, 0.0401455573738]
        dvar: [0.00170147628523, 0.00358119769953, 0.00333262421191, 0.0020911754109, 0.00127562100533, 0.000855231133755]
        dvar2: [0.00290381698869, 0.0073418924585, 0.00633237557486, 0.00408052094281, 0.00353324459866, 0.00199004122987]
        max: [-0.228048071265, -0.282396674156, -0.243259876966, -0.425772190094, -0.470255613327, -0.498350918293]
        mean: [-0.444490730762, -0.471852809191, -0.455583095551, -0.645714581013, -0.668256819248, -0.701096653938]
        min: [-0.70395886898, -0.841780185699, -0.774061322212, -0.903117179871, -0.835362911224, -0.810200870037]
        var: [0.00955445412546, 0.0097039481625, 0.0130961509421, 0.0150498049334, 0.00391817791387, 0.00337485363707]
    scvalleys:
        dmean: [0.432260483503, 0.516857385635, 0.503533601761, 0.623441934586, 0.641606390476, 0.665942549706]
        dmean2: [0.65084028244, 0.802036643028, 0.727540791035, 0.896063923836, 0.895738840103, 0.796391963959]
        dvar: [0.118451319635, 0.364285379648, 0.383278936148, 0.723566710949, 0.80364215374, 0.580212533474]
        dvar2: [0.2363473773, 0.702346980572, 0.743443906307, 1.31967258453, 1.47604346275, 0.938472151756]
        max: [-7.71857738495, -5.80180120468, -5.4730463028, -5.3118519783, -4.3269238472, -6.73515605927]
        mean: [-10.0291719437, -8.86547374725, -8.41262340546, -8.87424564362, -8.31905460358, -10.369187355]
        min: [-11.9324064255, -10.8917741776, -10.4266853333, -11.1783313751, -10.6472396851, -12.8571043015]
        var: [0.553767740726, 1.05259406567, 1.20430231094, 2.26194357872, 2.38500857353, 2.76416826248]

rhythm:
    beats_loudness:
        dmean: 0.062911696732
        dmean2: 0.10808096081
        dvar: 0.00281978771091
        dvar2: 0.00769950682297
        max: 0.27897849679
        mean: 0.0906853750348
        min: 0.00295653613284
        var: 0.00590073922649
    bpm: 135.028701782
    bpm_confidence: 0
    first_peak_bpm:
        dmean: 0
        dmean2: 0
        dvar: 0
        dvar2: 0
        max: 135
        mean: 135
        min: 135
        var: 0
    first_peak_spread:
        dmean: 0
        dmean2: 0
        dvar: 0
        dvar2: 0
        max: 0
        mean: 0
        min: 0
        var: 0
    first_peak_weight:
        dmean: 0
        dmean2: 0
        dvar: 0
        dvar2: 0
        max: 1
        mean: 1
        min: 1
        var: 0
    onset_rate: 2.90948271751
    second_peak_bpm:
        dmean: 0
        dmean2: 0
        dvar: 0
        dvar2: 0
        max: 0
        mean: 0
        min: 0
        var: 0
    second_peak_spread:
        dmean: 0
        dmean2: 0
        dvar: 0
        dvar2: 0
        max: 0
        mean: 0
        min: 0
        var: 0
    second_peak_weight:
        dmean: 0
        dmean2: 0
        dvar: 0
        dvar2: 0
        max: 0
        mean: 0
        min: 0
        var: 0
    beats_loudness_band_ratio:
        dmean: [0.0181489307433, 0.0932692289352, 0.0768274664879, 0.171176284552, 0.180906295776, 0.105585731566]
        dmean2: [0.0282609201968, 0.143151670694, 0.127895906568, 0.322398990393, 0.35389688611, 0.161607667804]
        dvar: [0.00123619381338, 0.0521240122616, 0.0139109743759, 0.0230894293636, 0.0229486338794, 0.014185349457]
        dvar2: [0.00329341576435, 0.13679535687, 0.023818474263, 0.0566816963255, 0.0535700730979, 0.0286083910614]
        max: [0.128497779369, 0.743406832218, 0.534178078175, 0.645930111408, 0.560888409615, 0.798336863518]
        mean: [0.0156022366136, 0.0568788722157, 0.0651394501328, 0.174084767699, 0.286260515451, 0.451290369034]
        min: [7.41978437873e-005, 2.41202706093e-005, 0.00199121236801, 0.00966153200716, 0.0268211849034, 0.0016572343884]
        var: [0.000846488226671, 0.0296665225178, 0.0159481167793, 0.0279002189636, 0.0327986218035, 0.0558470897377]
    beats_position: [0.00408759154379, 0.448486506939, 0.892885446548, 1.33728432655, 1.78168332577, 2.22608208656, 2.67048120499, 3.11488008499, 3.55927920341, 4.00367832184, 4.44807767868, 4.89247655869, 5.33687543869, 5.78127479553, 6.22567415237, 6.67007350922, 7.11447286606]
    bpm_estimates: [134.099563599, 135.299438477, 134.206573486, 134.436599731, 138.456192017, 132.969543457, 135.214584351, 135.00239563, 135.573394775]
    bpm_intervals: [0.444398909807, 0.44439893961, 0.444398880005, 0.444398999214, 0.444398760796, 0.444399118423, 0.444398880005, 0.444399118423, 0.444399118423, 0.444399356842, 0.444398880005, 0.444398880005, 0.444399356842, 0.444399356842, 0.444399356842, 0.444399356842]
    onset_times: [0.0116099771112, 0.208979591727, 0.406349211931, 0.638548731804, 0.835918366909, 1.25387752056, 1.70666670799, 2.18267583847, 2.43809533119, 2.61224484444, 3.07664394379, 3.52943301201, 3.99383211136, 4.43501138687, 4.91102027893, 5.36380958557, 5.8282084465, 6.04879808426, 6.29260778427, 6.73378705978, 7.20979595184]
    perceptual_tempo: "unknown"

sfx:
    inharmonicity:
        dmean: 0.0615224763751
        dmean2: 0.112458638847
        dvar: 0.00687291845679
        dvar2: 0.0182351097465
        max: 0.395918637514
        mean: 0.0586503483355
        min: 1.06801371658e-005
        var: 0.00608491385356
    oddtoevenharmonicenergyratio:
        dmean: 84.584777832
        dmean2: 163.845596313
        dvar: 172874.59375
        dvar2: 509110.28125
        max: 4268.30371094
        mean: 46.3622779846
        min: 1.97468925762e-005
        var: 90105.609375
    pitch_after_max_to_before_max_energy_ratio: 3.71804785728
    pitch_centroid: 144.707229614
    pitch_max_to_total: 0.115384615958
    pitch_min_to_total: 0.983974337578
    tristimulus:
        dmean: [0.247661530972, 0.282750695944, 0.0957466289401]
        dmean2: [0.450771838427, 0.499772012234, 0.174442872405]
        dvar: [0.0754261538386, 0.0819522589445, 0.0243814121932]
        dvar2: [0.186465963721, 0.206903487444, 0.0727073699236]
        max: [0.987028837204, 0.997556746006, 0.775103986263]
        mean: [0.36283031106, 0.531575202942, 0.0679684504867]
        min: [0.000340283499099, 0, 0]
        var: [0.0982521399856, 0.104901500046, 0.0177410170436]

tonal:
    chords_changes_rate: 0.121019110084
    chords_number_rate: 0.0445859879255
    chords_strength:
        dmean: 0.00923536065966
        dmean2: 0.00728566246107
        dvar: 4.79800219182e-005
        dvar2: 5.36680054211e-005
        max: 0.552687346935
        mean: 0.388855427504
        min: 0.269827365875
        var: 0.00383280031383
    key_strength: 0.499077945948
    tuning_diatonic_strength: 0.348582834005
    tuning_equal_tempered_deviation: 0.191619306803
    tuning_frequency: 446.399932861
    tuning_nontempered_energy_ratio: 0.827105998993
    hpcp:
        dmean: [0.0852894335985, 0.0422195978463, 0.111028976738, 0.145350977778, 0.109671913087, 0.0525910556316, 0.0178091395646, 0.0346097312868, 0.0835201442242, 0.101448863745, 0.0836552008986, 0.0858575105667, 0.102826364338, 0.0763912647963, 0.0465062074363, 0.041394174099, 0.0700838267803, 0.0843256339431, 0.114077739418, 0.105326749384, 0.0457836985588, 0.0291167926043, 0.0533472634852, 0.0768822580576, 0.0839819014072, 0.0698723271489, 0.0520827658474, 0.045822378248, 0.0231060683727, 0.0240740869194, 0.0512412898242, 0.0643514990807, 0.0651440769434, 0.0566617287695, 0.104815334082, 0.125220611691]
        dmean2: [0.131534337997, 0.067576944828, 0.173209071159, 0.22648870945, 0.158962368965, 0.0675630047917, 0.0276290625334, 0.0560775138438, 0.125578150153, 0.152914986014, 0.128433838487, 0.135552421212, 0.173633009195, 0.134606808424, 0.0809448733926, 0.0661979094148, 0.103951327503, 0.121964402497, 0.187016859651, 0.174602463841, 0.0760922729969, 0.0475923642516, 0.0855230018497, 0.119248583913, 0.118922069669, 0.0975041091442, 0.0767772197723, 0.0711307004094, 0.0385977141559, 0.0408861376345, 0.0876353234053, 0.106085389853, 0.102308884263, 0.0878021270037, 0.152906388044, 0.183669254184]
        dvar: [0.0256205163896, 0.00353131233715, 0.0264406930655, 0.0474552027881, 0.0225964169949, 0.00809623487294, 0.00114246935118, 0.00797492265701, 0.0194975789636, 0.0292692892253, 0.0204672887921, 0.0266813710332, 0.0503070615232, 0.0339956209064, 0.0133456867188, 0.0106350667775, 0.0201730187982, 0.0218593254685, 0.0393986701965, 0.0299228522927, 0.00832906737924, 0.00356919365004, 0.0136984325945, 0.0260420609266, 0.0170746278018, 0.0114861726761, 0.0106690181419, 0.013081501238, 0.00290294247679, 0.0029920777306, 0.0223060064018, 0.0227143466473, 0.0241098795086, 0.0124174058437, 0.0284863710403, 0.0410561300814]
        dvar2: [0.0538062565029, 0.00758840981871, 0.059540040791, 0.103646948934, 0.0449015200138, 0.0144688803703, 0.00289879087359, 0.0220692306757, 0.0435559526086, 0.0611143968999, 0.042807534337, 0.0633263662457, 0.117834359407, 0.0896654725075, 0.0371620319784, 0.0257357098162, 0.0404475182295, 0.0400883369148, 0.0929896607995, 0.0733643248677, 0.0187226012349, 0.00710019469261, 0.0275568775833, 0.0508210547268, 0.034912571311, 0.0239003263414, 0.0265664868057, 0.0336217731237, 0.00788166653365, 0.00683015165851, 0.0427320450544, 0.0378281883895, 0.0415391549468, 0.0221184082329, 0.0470529161394, 0.0676995888352]
        max: [1, 0.33895739913, 1, 1, 1, 0.767240643501, 0.264210700989, 0.7074406147, 0.871243059635, 1, 1, 1, 1, 1, 1, 0.915087163448, 1, 1, 1, 1, 0.717978656292, 0.425072044134, 0.816598236561, 1, 1, 1, 0.748477220535, 1, 0.379124075174, 0.325162857771, 1, 1, 1, 0.904511749744, 0.974912106991, 1]
        mean: [0.149018228054, 0.0718366205692, 0.343417674303, 0.539052903652, 0.32404384017, 0.0843199640512, 0.024435037747, 0.0523663796484, 0.239892825484, 0.31321644783, 0.172628968954, 0.109194263816, 0.0908156856894, 0.0695028752089, 0.0506348237395, 0.0527690649033, 0.0896692276001, 0.105043619871, 0.121779620647, 0.126671120524, 0.0938397422433, 0.0585826411843, 0.0786585584283, 0.128918886185, 0.14298543334, 0.116138346493, 0.0870889052749, 0.0703526362777, 0.0259814113379, 0.0206492953002, 0.0564794242382, 0.0775428116322, 0.0745710805058, 0.0918716043234, 0.316184878349, 0.394095748663]
        min: [0.000473777792649, 0.000130739819724, 0.000951966154389, 0.0141213014722, 0.00481835613027, 9.67154664977e-006, 9.32688817556e-006, 6.64436083753e-005, 0.000125478603877, 9.91744891508e-005, 7.16914510122e-005, 0.000241062734858, 0.000198922833079, 0.000280770269455, 0.00016678746033, 0.000130567292217, 0.000127368213725, 2.63591959992e-006, 5.08081393491e-005, 8.92812458915e-005, 5.95164929109e-005, 7.47548165236e-006, 2.35282750509e-005, 5.47907220607e-005, 3.05350622511e-005, 1.45815056385e-006, 2.08919277611e-006, 2.80071549241e-006, 3.80483425033e-006, 6.68319034958e-006, 6.02360842095e-006, 6.46288435746e-006, 4.64285903945e-006, 2.52674526564e-005, 5.47764029761e-005, 0.000368554523448]
        var: [0.0417283549905, 0.00841266103089, 0.0796220675111, 0.151201412082, 0.0693770200014, 0.0220822393894, 0.0017619212158, 0.00755178695545, 0.0774606540799, 0.128276839852, 0.0420924909413, 0.0329888276756, 0.0494960732758, 0.0277941338718, 0.00997470971197, 0.010835731402, 0.0299699753523, 0.0389578491449, 0.0406070761383, 0.031657345593, 0.0202259905636, 0.00844212435186, 0.0239970292896, 0.0498929321766, 0.0389224365354, 0.0474957413971, 0.0194593984634, 0.0162938144058, 0.00241095689125, 0.00276215979829, 0.026084754616, 0.0350769758224, 0.0362939462066, 0.0206362083554, 0.110685326159, 0.163015544415]
    chords_histogram: [21.6560516357, 1.91082799435, 24.8407649994, 2.5477707386, 0, 0, 0, 5.0955414772, 0, 0, 0, 0, 0, 0, 0, 0, 0, 0, 3.82165598869, 0, 0, 0, 40.1273880005, 0]
    thpcp: [1, 0.601135492325, 0.156422421336, 0.0453295707703, 0.0971451550722, 0.445026487112, 0.581049561501, 0.320244938135, 0.202566877007, 0.168472677469, 0.128935158253, 0.093932941556, 0.0978921800852, 0.166345879436, 0.194866999984, 0.225914046168, 0.234988287091, 0.174082621932, 0.108676977456, 0.145919919014, 0.239158138633, 0.265253067017, 0.215448886156, 0.161559104919, 0.130511566997, 0.0481982603669, 0.038306619972, 0.104775287211, 0.14385008812, 0.138337224722, 0.170431524515, 0.586556315422, 0.731089174747, 0.276444524527, 0.133264511824, 0.637076020241]
    chords_key: "D#"
    chords_scale: "minor"
    key_key: "A#"
    key_scale: "minor"
    chords_progression: ["D#m", "D#m", "D#m", "D#m", "D#m", "D#m", "D#m", "D#m", "D#m", "D#m", "D#m", "D#m", "D#m", "D#m", "D#m", "D#m", "D#m", "D#m", "D#m", "D#m", "D#m", "D#m", "D#m", "D#m", "D#m", "D#m", "D#m", "D#m", "D#m", "D#m", "D#m", "D#m", "D#m", "D#m", "D#m", "D#m", "D#m", "D#m", "D#m", "D#m", "D#m", "D#m", "D#m", "D#m", "D#m", "D#m", "D#m", "D#m", "D#m", "D#m", "D#m", "D#m", "D#m", "D#m", "D#m", "D#m", "D#m", "D#m", "D#m", "A#m", "D#m", "A#m", "A#m", "A#m", "A#m", "A#m", "A#m", "A#m", "Fm", "C#m", "C#m", "C#m", "C#m", "C#m", "Fm", "C#m", "Fm", "C#", "C#", "Fm", "Fm", "Fm", "Fm", "Fm", "Fm", "Fm", "Fm", "C#", "Fm", "Fm", "A#m", "A#m", "A#m", "A#m", "A#m", "A#m", "A#m", "A#m", "A#m", "A#m", "A#m", "A#m", "A#m", "A#m", "A#m", "A#m", "A#m", "A#m", "A#m", "A#", "A#", "A#", "A#", "A#", "A#", "A#", "A#", "A#m", "A#m", "A#m", "A#m", "A#m", "A#m", "A#m", "D#m", "D#m", "D#m", "Fm", "Fm", "Fm", "Fm", "Fm", "Fm", "Fm", "Fm", "Fm", "Fm", "Fm", "Fm", "Fm", "Fm", "Fm", "Fm", "Fm", "Fm", "Fm", "Fm", "Fm", "G#", "G#", "G#", "G#", "Fm", "Fm", "Fm", "Fm", "Fm"]
